001 7 1000 221 1 300 222 1 240 223 1 120 224 1 25
001 7 1000 221 1 300 222 1 240 223 1 120 224 1 25
002 7 1000 221 1 350 222 1 500 223 1 150 224 1 50
002 7 1000 221 1 350 222 1 500 223 1 150 224 1 50
003 7 1000 221 1 300 222 1 240 223 1 120 224 1 25
003 7 1000 221 1 300 222 1 240 223 1 120 224 1 25
004 7 1000 221 1 350 222 1 500 223 1 150 224 1 50
004 7 1000 221 1 350 222 1 500 223 1 150 224 1 50
005 7 1000 221 1 300 222 1 240 223 1 120 224 1 25
005 7 1000 221 1 300 222 1 240 223 1 120 224 1 25
006 7 1000 221 1 350 222 1 500 223 1 150 224 1 50
006 7 1000 221 1 350 222 1 500 223 1 150 224 1 50
007 7 1000 221 1 300 222 1 240 223 1 120 224 1 25
007 7 1000 221 1 300 222 1 240 223 1 120 224 1 25
008 7 1000 221 1 350 222 1 500 223 1 150 224 1 50
008 7 1000 221 1 350 222 1 500 223 1 150 224 1 50
009 7 1000 221 1 300 222 1 240 223 1 120 224 1 25
009 7 1000 221 1 300 222 1 240 223 1 120 224 1 25
010 7 1000 221 1 350 222 1 500 223 1 150 224 1 50
010 7 1000 221 1 350 222 1 500 223 1 150 224 1 50
011 7 1000 221 1 300 222 1 240 223 1 120 224 1 25
011 7 1000 221 1 300 222 1 240 223 1 120 224 1 25
012 7 1000 221 1 350 222 1 500 223 1 150 224 1 50
012 7 1000 221 1 350 222 1 500 223 1 150 224 1 50
013 7 1000 221 1 300 222 1 240 223 1 120 224 1 25
013 7 1000 221 1 300 222 1 240 223 1 120 224 1 25
014 7 1000 221 1 350 222 1 500 223 1 150 224 1 50
014 7 1000 221 1 350 222 1 500 223 1 150 224 1 50
015 7 1000 221 1 300 222 1 240 223 1 120 224 1 25
015 7 1000 221 1 300 222 1 240 223 1 120 224 1 25
016 7 1000 221 1 350 222 1 500 223 1 150 224 1 50
016 7 1000 221 1 350 222 1 500 223 1 150 224 1 50
017 7 1000 221 1 300 222 1 240 223 1 120 224 1 25
017 7 1000 221 1 300 222 1 240 223 1 120 224 1 25
018 7 1000 221 1 350 222 1 500 223 1 150 224 1 50
018 7 1000 221 1 350 222 1 500 223 1 150 224 1 50
019 7 1000 221 1 300 222 1 240 223 1 120 224 1 25
019 7 1000 221 1 300 222 1 240 223 1 120 224 1 25
020 7 1000 221 1 350 222 1 500 223 1 150 224 1 50
020 7 1000 221 1 350 222 1 500 223 1 150 224 1 50
021 7 1000 221 1 300 222 1 240 223 1 120 224 1 25
021 7 1000 221 1 300 222 1 240 223 1 120 224 1 25
022 7 1000 221 1 350 222 1 500 223 1 150 224 1 50
022 7 1000 221 1 350 222 1 500 223 1 150 224 1 50
023 7 1000 221 1 300 222 1 240 223 1 120 224 1 25
023 7 1000 221 1 300 222 1 240 223 1 120 224 1 25
024 7 1000 221 1 350 222 1 500 223 1 150 224 1 50
024 7 1000 221 1 350 222 1 500 223 1 150 224 1 50
025 7 1000 221 1 300 222 1 240 223 1 120 224 1 25
025 7 1000 221 1 300 222 1 240 223 1 120 224 1 25
026 7 1000 221 1 350 222 1 500 223 1 150 224 1 50
026 7 1000 221 1 350 222 1 500 223 1 150 224 1 50
027 7 1000 221 1 300 222 1 240 223 1 120 224 1 25
027 7 1000 221 1 300 222 1 240 223 1 120 224 1 25
028 7 1000 221 1 350 222 1 500 223 1 150 224 1 50
028 7 1000 221 1 350 222 1 500 223 1 150 224 1 50
029 7 1000 221 1 300 222 1 240 223 1 120 224 1 25
029 7 1000 221 1 300 222 1 240 223 1 120 224 1 25
030 7 1000 221 1 350 222 1 500 223 1 150 224 1 50
030 7 1000 221 1 350 222 1 500 223 1 150 224 1 50
031 7 1000 221 1 300 222 1 240 223 1 120 224 1 25
031 7 1000 221 1 300 222 1 240 223 1 120 224 1 25
032 7 1000 221 1 350 222 1 500 223 1 150 224 1 50
032 7 1000 221 1 350 222 1 500 223 1 150 224 1 50
